5.470896836565461996e-01 1.280351737335578277e-01 -9.568460656399794928e+00
5.414552931765613808e-01 1.434245436912643390e-01 -9.582456477804964123e+00
5.414552931765613808e-01 1.434245436912643390e-01 -9.582456477804964123e+00
5.267671304620191730e-01 1.467163849344363669e-01 -9.574172402727915809e+00
5.317454284478539961e-01 -3.902075422481991462e-01 -9.928681158276326357e+00
4.981538989161150566e-01 1.307105378151456609e-01 -9.442692194151973695e+00
4.872840290358065318e-01 2.563073075237873571e-03 -9.374195586817856807e+00
4.776178394615067102e-01 1.242491733361767436e-01 -9.415484864408371735e+00
4.523628973773219375e-01 6.841547645657531929e-01 -9.020910183592793175e+00
4.375980340686092540e-01 6.862525130436518683e-01 -8.993552220258910879e+00
4.444161397173682082e-01 8.453440691240061977e-02 -9.292150473000534205e+00
4.403277434303367044e-01 9.456802922740273343e-02 -9.293023515896782882e+00
4.395737073418091168e-01 1.032344001114316873e-01 -9.313983142000379800e+00
4.362421038469389001e-01 1.017069137098075282e-01 -9.308758156915613924e+00
4.241755762161175114e-01 1.049609196216351320e-01 -9.293903733605302975e+00
4.241972088034497990e-01 1.369459932350924058e-01 -9.341782777451582476e+00
4.167543899727617074e-01 8.354117342908040644e-02 -9.211548391035453420e+00
3.889965635373034969e-01 6.907787508006448807e-01 -8.959257599657634685e+00
3.767034562143048992e-01 7.171961519621322667e-02 -8.994208733651101184e+00
3.476432319804157456e-01 2.464560312452207524e-04 -8.740446725798944883e+00
1.640381454565038588e-01 3.060921400013265625e-01 -4.402344868168712289e+00
2.982564722508020960e-01 9.444425545933987198e-05 -8.618888704174571203e+00
2.815027942334979993e-01 6.879183925620950824e-01 -8.442657796724905239e+00
2.959104210648459965e-01 6.144259498168375133e-01 -8.944222378643123861e+00
2.959104210648459965e-01 6.144259498168375133e-01 -8.944222378643123861e+00
2.790838607124827009e-01 7.361108498837347636e-01 -8.434290888512249396e+00
2.736737461304171726e-01 7.639016227430325268e-01 -8.418260512770240567e+00
2.716701985031697020e-01 7.477508606901976940e-01 -8.414512069923471671e+00
2.686813615191981364e-01 7.396459207253996970e-01 -8.401233680064198239e+00
2.673286641119943519e-01 8.408851527134528769e-01 -8.397886082211512004e+00
2.649420984512168564e-01 2.164200740489241048e-01 -8.520282940550570672e+00
2.578437729068305262e-01 8.095776386732013163e-01 -8.382044242253215316e+00
2.570944303908380690e-01 8.213923613022813264e-01 -8.367472632271816479e+00
2.525432563061356661e-01 8.303771765448541009e-01 -8.364560693370881594e+00
1.973806808091908005e-01 -2.624138482946944406e-01 -6.799933507677328848e+00
2.475163328713367861e-01 6.576975555141982843e-01 -8.377700430810827825e+00
2.444714338448770452e-01 6.810557772595747794e-01 -8.301686548374254571e+00
2.364046942916316896e-01 7.067615606370416526e-01 -8.273572632981283093e+00
2.351041637283042274e-01 7.929671987548910783e-01 -8.311222359912497026e+00
2.316152134488899395e-01 7.715896089931121304e-01 -8.288842773806774034e+00
2.396316630596890818e-01 4.213400063227608072e-01 -8.643955677324772324e+00
2.327797562368087714e-01 8.697990117594169845e-01 -8.394569310109334381e+00
2.366735964626281163e-01 2.679978781369773411e-01 -8.685995938286923845e+00
2.252619514319010308e-01 7.164304117793128812e-01 -8.264203002514520335e+00
2.236203802323485368e-01 7.009910942303503312e-01 -8.247622361305328553e+00
2.252558698856094999e-01 8.742996018642781308e-01 -8.385172189009129085e+00
1.786999366352657881e-01 -2.496213474472493976e-01 -6.824060461075943884e+00
2.194945158630287885e-01 8.236402250629377697e-01 -8.249556200719306176e+00
2.259539539406462960e-01 6.365690591228364559e-01 -8.537138561996959751e+00
2.176746606319995003e-01 7.839882357528100698e-01 -8.253224019781235654e+00
2.106259638044077620e-01 7.930906621575101179e-01 -8.224671935143392787e+00
2.089233656451770782e-01 7.011842928367880701e-01 -8.220405224499417685e+00
2.094081290962153674e-01 1.406850142759211719e-01 -8.412782139821995742e+00
2.071242713762097842e-01 8.627637753657264597e-01 -8.332262102568108730e+00
2.071242713762097842e-01 8.627637753657264597e-01 -8.332262102568108730e+00
2.044556087020885093e-01 1.199504086855741058e-01 -8.354145574962945631e+00
2.026506439086770694e-01 8.105763672096242267e-01 -8.239661837134869771e+00
2.011123316181582799e-01 7.380173724183368700e-01 -8.214635493248271914e+00
1.999530964495243035e-01 7.012461842597049744e-01 -8.197381843007784497e+00
1.599078876481205003e-01 -2.693700778149785702e-01 -6.740457376052936489e+00
1.904523505135883310e-01 6.919511923200869496e-01 -8.198119443302609000e+00
1.833252929008112042e-01 2.224079264284454377e-02 -8.436714458346402878e+00
1.755804242068806087e-01 6.664948807561381638e-01 -8.177942133655440315e+00
1.765549823593123568e-01 8.547782217586492592e-01 -8.249376319872073537e+00
1.763695388237064010e-01 6.491661953848225641e-01 -8.261369116000032875e+00
1.746171430616006992e-01 8.512263702456158709e-01 -8.251516268106666274e+00
1.725721643705769304e-01 9.686685447110610081e-02 -8.316519318331730304e+00
1.348406410586143189e-01 -2.646150419355221550e-01 -6.711102432289887787e+00
1.728341892989349038e-01 8.990061193125391537e-01 -8.370309269620626935e+00
1.645018484258543023e-01 8.420633953589672371e-01 -8.220066841671659574e+00
1.645018484258543023e-01 8.420633953589672371e-01 -8.220066841671659574e+00
1.638514144923592375e-01 8.214487417105627021e-01 -8.219607900568366432e+00
1.627215717685336072e-01 7.874753143090605922e-01 -8.188618982994402273e+00
1.599655641157426700e-01 6.894399815205098925e-01 -8.129365281316422553e+00
1.611895079990687263e-01 7.976244453751349939e-01 -8.191866549618678661e+00
1.089940940454498519e-01 -2.767328115030908142e-01 -5.807459518999813497e+00
1.605649276331217179e-01 1.369500528794120320e-01 -8.411573702565254607e+00
1.583807847977786454e-01 8.485063402947587985e-01 -8.216673778747772161e+00
1.561154237903397135e-01 7.086046522488955723e-01 -8.148103483274018899e+00
1.561154237903397135e-01 7.086046522488955723e-01 -8.148103483274018899e+00
1.552312634518780987e-01 7.865271530618617168e-02 -8.256019978031202911e+00
1.550555608248601336e-01 7.086463984184923626e-02 -8.252620159169930858e+00
1.527781612480225704e-01 4.653624111919175271e-02 -8.240759147809692209e+00
1.527840396017560443e-01 3.312754046801577590e-02 -8.264302717831816025e+00
1.521496648347020197e-01 6.331193798738470047e-02 -8.242048360506480265e+00
8.517369487430957731e-02 -1.787245300310787988e-01 -4.682923520294900221e+00
1.603344131799189498e-01 2.620836975024327109e-01 -8.659646127738607646e+00
1.520057380292360039e-01 1.001353727076170486e-01 -8.274555292979410837e+00
1.520057380292360039e-01 1.001353727076170486e-01 -8.274555292979410837e+00
1.520057380292360039e-01 1.001353727076170486e-01 -8.274555292979410837e+00
1.498268155455416140e-01 8.842073885997973892e-02 -8.266821322274797268e+00
8.357565847038711526e-02 -1.801477990256600270e-01 -4.719528143106265006e+00
1.494794313210057179e-01 8.567611010745971312e-01 -8.224197732311132825e+00
1.481045386125466878e-01 7.813254348824776319e-01 -8.152961859352631180e+00
1.445102217778252152e-01 7.532575084417805211e-01 -8.084087382067606242e+00
8.222432497658158090e-02 -1.804400349888051203e-01 -4.738316574022720218e+00
8.222432497658158090e-02 -1.804400349888051203e-01 -4.738316574022720218e+00
8.207697630484193929e-02 -1.801344438541635229e-01 -4.734686800477496682e+00
8.207697630484193929e-02 -1.801344438541635229e-01 -4.734686800477496682e+00
1.458378030448416462e-01 8.872257749203301680e-01 -8.297883209611603306e+00
1.403297181344292099e-01 7.631854811467989608e-01 -8.073340286940423383e+00
1.407072574766503881e-01 5.299127511773302907e-02 -8.225369965067338640e+00
1.398495098185194851e-01 7.713140172652871440e-01 -8.101364139353938398e+00
1.426018846004865059e-01 9.040104942948662403e-01 -8.329098338855153827e+00
1.382519609163389562e-01 8.917820676086147813e-01 -8.304121165685186767e+00
1.382519609163389562e-01 8.917820676086147813e-01 -8.304121165685186767e+00
1.346880610184215954e-01 7.812760107533899268e-01 -8.137656460169274908e+00
1.341459051049104789e-01 6.985807704989016598e-02 -8.238082404037999851e+00
1.341459051049104789e-01 6.985807704989016598e-02 -8.238082404037999851e+00
1.342833036230439425e-01 7.918420773147876179e-01 -8.152295131927504102e+00
1.363501684489397403e-01 8.812504614722100893e-01 -8.282951493580426927e+00
1.311193178803861104e-01 7.032039170993916732e-01 -8.137943562739389236e+00
1.325614424160410643e-01 8.871385068470216684e-01 -8.286831670357782897e+00
1.290953463096584652e-01 7.813668306712499012e-01 -8.137542046092825387e+00
1.278117677557630838e-01 8.004935995960185680e-02 -8.237960507566851831e+00
1.282475037546268182e-01 7.897194873418902361e-01 -8.147738679881497248e+00
1.009402363083633791e-01 -2.619948095841027058e-01 -6.666456560705977807e+00
1.278056552543302415e-01 8.204401789186500649e-01 -8.171459589119454137e+00
1.286603823387009182e-01 8.613256553707403507e-01 -8.225243271668531975e+00
1.286603823387009182e-01 8.613256553707403507e-01 -8.225243271668531975e+00
1.274929435848313475e-01 8.297501334845314158e-01 -8.188972706782378097e+00
1.236884718592952681e-01 7.493560709591855495e-01 -8.063579755974908281e+00
1.257674077747779062e-01 8.673714863967825206e-01 -8.230616050175536103e+00
1.230806247628650901e-01 6.969813097081518638e-01 -8.096831503108004924e+00
1.234706693581545528e-01 7.804390539562414686e-01 -8.137178901861819469e+00
1.212118058994638009e-01 5.762545943963076622e-02 -8.213893990303443360e+00
1.201652477093147486e-01 2.686843392955125948e-02 -8.197400959304413703e+00
1.193298130603803325e-01 8.584822435030523557e-01 -8.220176824883456135e+00
1.194438634774675490e-01 8.838092482044991316e-01 -8.261541789670978631e+00
1.172769757222754672e-01 8.679304660047209019e-01 -8.238697391466271114e+00
1.148604961843114891e-01 8.482190598175912699e-01 -8.219735581230850130e+00
1.076344339118142784e-01 3.319728066009539069e-02 -8.180420169018153942e+00
1.063337570552934652e-01 5.726357839258366944e-01 -8.329582995654282840e+00
1.013821812740624551e-01 7.462755349042322628e-01 -8.076182821026696601e+00
1.003426114454329249e-01 4.622459660427911954e-02 -8.174892756371162861e+00
9.966651576168125692e-02 7.196097855568390766e-01 -8.066156300350437292e+00
9.966651576168125692e-02 7.196097855568390766e-01 -8.066156300350437292e+00
9.922531110778776142e-02 7.289587500461455205e-01 -8.075568058050123454e+00
9.840371410437989685e-02 8.656429339721960492e-01 -8.234235101573514015e+00
9.662950223444846665e-02 7.767273021279390566e-01 -8.119778601370297721e+00
9.354473988191436273e-02 -1.406020189991604406e-02 -8.161098716989128476e+00
9.181008442466657982e-02 1.259412560506916086e-02 -8.207987854530422567e+00
9.411249657248245415e-02 8.506577339492265022e-01 -8.211897683443062590e+00
9.141137301348768729e-02 7.384061944105013708e-01 -8.084154589057082063e+00
8.961740713093739596e-02 4.206587561318411023e-02 -8.161627987554050279e+00
9.297935104467096312e-02 8.908670913196857777e-01 -8.303640564724402040e+00
8.869987581049097736e-02 2.924823344592912544e-02 -8.168804008088097035e+00
8.893205556859297423e-02 7.641667858332339414e-01 -8.108428336125681923e+00
8.635311992701030781e-02 7.056165740297555278e-01 -8.045865749155748148e+00
8.354976609550485156e-02 7.449066797664547490e-01 -8.090725130014734034e+00
8.409742343979451085e-02 8.993551275759441577e-01 -8.306966541788085578e+00
8.393744216846436845e-02 1.124087712112568083e-01 -8.531344638683751924e+00
6.973884653983707105e-02 -3.744859118061576453e-01 -7.483899563351808837e+00
8.053611779508151880e-02 7.841471204267430606e-01 -8.098043541556245728e+00
8.048657956008231640e-02 8.681030618691175649e-01 -8.262155210720571574e+00
7.875338439057671946e-02 8.248058886374537435e-01 -8.140891097567921619e+00
7.897789222882754812e-02 1.128457843766120239e-01 -8.520730227381477562e+00
7.804604560975185457e-02 1.032162343105594016e-01 -8.512951997530775472e+00
7.607359236351504683e-02 8.829676817992868632e-01 -8.271005286775267251e+00
7.401073589033826949e-02 1.037433867128901704e-01 -8.503522654063452535e+00
7.158000530735346423e-02 7.334243680553177436e-01 -8.076769431442173186e+00
7.343716304100672554e-02 1.555833713042319710e-01 -8.627028176515437963e+00
7.343716304100672554e-02 1.555833713042319710e-01 -8.627028176515437963e+00
6.768823721904169977e-02 3.496600565279284201e-02 -8.155122812627634943e+00
6.921941127749332845e-02 8.143781819935518307e-01 -8.162385521722727688e+00
6.838338379391721567e-02 1.189201599386731228e-01 -8.572441150825376610e+00
6.745050571539287776e-02 2.628203799000377594e-01 -8.675706601863202749e+00
6.637449517903884488e-02 2.835975288324554255e-01 -8.678951909477277127e+00
6.397254125936976954e-02 9.838151825417452978e-02 -8.483304144331789587e+00
5.793926773661289831e-02 7.487135999064112868e-01 -8.070719470873449097e+00
4.425746600282379900e-02 -2.397636988854160156e-01 -6.704266985623263508e+00
5.746955451876130383e-02 7.618362614293430202e-01 -8.084240002784055079e+00
5.723180351120996101e-02 7.162153644115343276e-01 -8.069273309638084868e+00
5.350468275226523407e-02 9.985058429679690914e-03 -8.117770690331019168e+00
5.479201551386547048e-02 6.799512125416995456e-01 -8.087886489614920293e+00
5.258304886366700626e-02 7.502016422628463577e-01 -8.071696329257282088e+00
4.881176652725830595e-02 4.567741445210111995e-02 -8.098223672243966220e+00
3.636136390951687919e-02 -3.018234676349005330e-01 -6.473108728357264141e+00
4.859309268210613986e-02 7.188284759215164410e-01 -8.079275194323113141e+00
4.788227661430424081e-02 6.618031884320129121e-01 -8.100937543138334362e+00
4.140717197202439803e-02 1.473141646889192802e-01 -8.599104065883231840e+00
3.814101345801045040e-02 7.005088641248488068e-01 -8.070727167481162923e+00
3.724105916883977546e-02 9.261728851396679174e-02 -8.493495066435736263e+00
3.516069195517672330e-02 7.827484196474134848e-01 -8.093301338271302825e+00
3.229854789774745660e-02 4.662658067376632999e-03 -8.102776799431993027e+00
3.551351512651718112e-02 8.545285800792008502e-01 -8.265739264380298934e+00
3.410792953620277873e-02 7.283621216078260963e-01 -8.091702173361703387e+00
3.384491884680401047e-02 7.769938306061305866e-01 -8.086228470689066583e+00
3.231451618551856725e-02 1.103801373392750002e-01 -8.520759434729516357e+00
2.099055058396824200e-02 1.041469327003773787e-01 -8.499910938519283476e+00
2.000607201480233618e-02 7.742320976764661689e-01 -8.091633708440536310e+00
1.627960249668431586e-02 3.954707152519636171e-02 -8.049498859995130928e+00
1.459980678829042242e-02 7.373725594557064555e-01 -8.124086971811458113e+00
1.274198810894761058e-02 6.949360045096525385e-02 -8.403212746577990444e+00
1.063726960865511370e-02 7.529511538753034250e-01 -8.118994096686583006e+00
6.517789971663645772e-03 1.737487876087243435e-02 -8.087087774559662989e+00
7.268848577497202465e-03 1.132987367827831271e-01 -8.522417294684236921e+00
5.503053503464770679e-03 7.269325765148619833e-01 -8.103874902931872626e+00
3.325574337229910641e-03 1.175242522577747833e-01 -8.523059649964231710e+00
-1.252015707761813769e-03 7.251266992032805170e-02 -8.395624380417695320e+00
-5.949500479850934956e-03 3.482991219991020144e-03 -8.004503863718611001e+00
-6.587257807811749792e-03 7.645792682565108814e-03 -8.049694932479280141e+00
-7.596071035641131786e-03 6.865507640109769216e-01 -8.061996399848458950e+00
-9.922572074046922402e-03 1.296813589268859812e-01 -8.544231601347449967e+00
-1.083665700340563989e-02 8.208152476791589214e-01 -8.212624718977652449e+00
-1.611138134174647588e-02 6.065938117114116207e-02 -8.357865475312042491e+00
-1.404591569732421309e-02 8.464837575833253913e-01 -8.251664291467282197e+00
-1.737951230077722925e-02 8.504656197311787347e-01 -8.258927536471370345e+00
-1.975584559690027331e-02 2.398689906902390021e-02 -8.057373428385789182e+00
-1.851290831062505846e-02 -2.270906169834786270e-01 -6.685172661554374507e+00
-1.896089308886621944e-02 7.326952296792307306e-01 -8.100242358682026023e+00
-2.219728435417008330e-02 1.358885986100130672e-01 -8.545099749310026027e+00
-2.219728435417008330e-02 1.358885986100130672e-01 -8.545099749310026027e+00
-2.528791539796352086e-02 1.133208019415959944e-01 -8.498111121163846704e+00
-2.528791539796352086e-02 1.133208019415959944e-01 -8.498111121163846704e+00
-2.579427025137813814e-02 3.364573108677889474e-02 -8.053782601056841628e+00
-2.782445577076349957e-02 5.854647836325256594e-02 -8.342208402526596345e+00
-2.934884990620261272e-02 9.720392514521095095e-02 -8.457160876547780148e+00
-3.131352907451915440e-02 1.393573826338169730e-01 -8.542596153815159354e+00
-3.328191248007961872e-02 1.350792639986070631e-01 -8.530749764906538246e+00
-3.328191248007961872e-02 1.350792639986070631e-01 -8.530749764906538246e+00
-3.382471399290250258e-02 6.946943225876244243e-01 -8.108367739182567036e+00
-3.382471399290250258e-02 6.946943225876244243e-01 -8.108367739182567036e+00
-3.795486301558533698e-02 1.010196104055942207e-01 -8.452958436049051727e+00
-3.795486301558533698e-02 1.010196104055942207e-01 -8.452958436049051727e+00
-3.795486301558533698e-02 1.010196104055942207e-01 -8.452958436049051727e+00
-3.448240269472359343e-02 7.555505185149511416e-01 -8.036096135059079160e+00
-3.448240269472359343e-02 7.555505185149511416e-01 -8.036096135059079160e+00
-3.554462362289704386e-02 8.448213679725959935e-01 -8.215566009165616634e+00
-3.524416551343637766e-02 7.704052981512343745e-01 -8.092832291663585309e+00
-3.758229223170225092e-02 8.043180987259146431e-01 -8.053025460353433473e+00
-4.226448594074821291e-02 6.000646100727592691e-02 -8.328220941361948348e+00
-4.240053351835793710e-02 4.914595613309524075e-02 -8.310912510766666372e+00
-4.135570794185230992e-02 2.393085925247687498e-02 -7.976410487850252196e+00
-4.460224428644708056e-02 1.492924619051410329e-01 -8.554271720884745633e+00
-4.735573017206069074e-02 1.119253460473401546e-01 -8.470906277904296289e+00
-4.791722602041981888e-02 4.814101227045143594e-02 -8.305026038373481967e+00
-4.928175091085903320e-02 1.725172674602912515e-01 -8.610659299705950787e+00
-4.560680242250336747e-02 7.178373173321104250e-01 -8.028388004898383556e+00
-4.786228292487734043e-02 7.499373886246162302e-01 -8.009409105532270701e+00
-5.329998349423920728e-02 1.448502534181773937e-01 -8.542153617216374784e+00
-5.199637899640550953e-02 8.428907796712188649e-03 -8.019278505059123319e+00
-5.600376283797035837e-02 5.460623737770848446e-02 -8.304685986730971692e+00
-5.320307953286466940e-02 6.778436400688317987e-01 -8.097722016291504232e+00
-5.856500406813024140e-02 7.863688571110774572e-02 -8.385725058509688523e+00
-5.598059044405228474e-02 8.771139707736347324e-01 -8.216382372020277103e+00
-5.931323482094783689e-02 7.440630507958742590e-02 -8.377741406182876105e+00
-6.170927695475440095e-02 1.449394198726328131e-01 -8.535559079332465160e+00
-5.863547476476920622e-02 6.917463232897026471e-01 -8.074013047474583260e+00
-6.234602177441658094e-02 8.357755559886911323e-01 -8.120106027791338832e+00
-6.280457223097749009e-02 7.833778905683389526e-01 -8.010231390041997912e+00
-6.299705293335525202e-02 7.121952401035471780e-01 -7.996062308026703036e+00
-6.299705293335525202e-02 7.121952401035471780e-01 -7.996062308026703036e+00
-6.445811127493350501e-02 8.078715594267429356e-01 -8.078334919639702960e+00
-6.786990947626055093e-02 2.594606237373036847e-02 -8.018069532321497661e+00
-6.652521118828756685e-02 8.227777130041536990e-01 -8.095165771503335606e+00
-6.652521118828756685e-02 8.227777130041536990e-01 -8.095165771503335606e+00
-6.708150806729237803e-02 8.380924817572860119e-01 -8.112474094708208128e+00
-6.708150806729237803e-02 8.380924817572860119e-01 -8.112474094708208128e+00
-7.291291764091628602e-02 1.454533938707176788e-01 -8.521611604759263159e+00
-5.938728791525049733e-02 -2.132758855945696419e-01 -6.679441412399717670e+00
-7.235062571645832497e-02 7.371103951885175920e-02 -8.362808988006305455e+00
-6.978864586612339160e-02 1.596555087334394427e-02 -8.010989938761287732e+00
-7.307721392554991646e-02 8.296478654774273875e-02 -8.390461101427231227e+00
-6.897424836017798655e-02 7.395355370604299594e-01 -7.958626804028393842e+00
-7.261783062648163867e-02 9.176647919512397333e-01 -8.332988518636367914e+00
-7.767351302392012935e-02 7.298083290360411757e-02 -8.182231138998886877e+00
-7.399927756783938881e-02 7.116909884815267873e-01 -7.982005321355999605e+00
-7.467192374395320575e-02 7.861050226697611221e-01 -8.007210950027591423e+00
-7.727472421170906991e-02 8.277531429722526646e-01 -8.084960846553714831e+00
-8.764133959422153175e-02 1.425072595191821112e-01 -8.501754414855238196e+00
-8.235151789240295617e-02 8.452387760839588093e-01 -8.083177766882696957e+00
-8.202805393465571748e-02 8.093002667918364201e-01 -8.049976265106757012e+00
-8.328015360559096192e-02 7.422090289215690362e-01 -7.998946641712987748e+00
-9.097851977868998130e-02 1.504892329688064245e-01 -8.516983234056064944e+00
-9.421799662457570890e-02 1.838514784257058721e-01 -8.572570072561616072e+00
-9.421799662457570890e-02 1.838514784257058721e-01 -8.572570072561616072e+00
-8.748189441725251481e-02 7.775099864271620698e-01 -8.019516718012397405e+00
-9.096732002074077450e-02 5.930673917325002265e-01 -8.171587937849505323e+00
-9.662631495566377515e-02 1.445971765058242098e-01 -8.499024886360711406e+00
-9.651066269033158063e-02 8.656881303726683685e-02 -8.374171691215030577e+00
-9.235803376475439086e-02 8.229324889369323826e-01 -8.061533306540699328e+00
-9.909382355723357627e-02 1.345281958567622893e-01 -8.489539449595808307e+00
-9.229987892496241408e-02 8.032441648264210254e-01 -8.027924336846352205e+00
-9.229987892496241408e-02 8.032441648264210254e-01 -8.027924336846352205e+00
-9.428277551990496552e-02 9.045742027288207129e-03 -7.964622107113623173e+00
-9.383988095187144329e-02 7.239147469300604154e-01 -7.982341208068367777e+00
-1.035570793142790158e-01 1.403997270489881488e-01 -8.488528890796857240e+00
-9.861863855350852526e-02 2.009611339066590119e-02 -7.987370119514325850e+00
-1.005674816327697535e-01 8.949753382256067091e-01 -8.152826183648135938e+00
-1.056341386975444413e-01 8.862836954632712094e-02 -8.374265394601778212e+00
-1.011472961459957687e-01 5.737879166607997572e-01 -8.151108218119123450e+00
-1.015758281091759113e-01 2.863846831703907928e-02 -7.951423933593066096e+00
-1.103361079747117168e-01 1.451932534214784853e-01 -8.490973832640545282e+00
-1.066849824624146598e-01 5.501490523864226434e-01 -8.222753774814218986e+00
-1.034183816422922647e-01 7.536296100095432049e-01 -7.984065887806337969e+00
-1.095288368032037579e-01 9.391047367690275038e-01 -8.290203626045272500e+00
-1.157554144355363024e-01 1.347215868735112954e-01 -8.465630030406034123e+00
-1.094278216082058136e-01 8.294634644086819053e-01 -8.033178039644690571e+00
-1.145461020432478882e-01 5.608200184740047556e-01 -8.172367525125073584e+00
-1.209659706612913749e-01 6.566855243595601244e-02 -8.287624663237734168e+00
-1.150564098969001914e-01 7.535417877669476905e-01 -7.971826076888109291e+00
-1.191240105211230083e-01 1.264947595549415806e-02 -7.987292808893918128e+00
-1.192320726355050320e-01 8.761262081405494229e-01 -8.129293438856183940e+00
-1.190861708631619498e-01 7.969804791966451640e-01 -7.997610613346769703e+00
-1.206801186534925963e-01 8.553979202779214974e-01 -8.059364125769917564e+00
-1.234019045326113923e-01 8.926912050229817153e-01 -8.135299696602622532e+00
-1.288404593560420475e-01 7.015746503904828069e-02 -8.291183552668252688e+00
-1.299265724132616928e-01 7.801866611237853744e-02 -8.314007716249712132e+00
-1.234099789995780072e-01 7.905327031510291924e-01 -7.986684439630749033e+00
-1.285937111492072571e-01 9.401802735636097808e-01 -8.300842653906347124e+00
-1.071924255572540563e-01 -2.134868261557357483e-01 -6.631238866310099844e+00
-1.075126272993486426e-01 -2.062928493185871848e-01 -6.648950068974058603e+00
-1.347010232150055165e-01 1.289893314855842521e-01 -8.433521046208296568e+00
-1.260377180372220240e-01 7.363696192214266301e-01 -7.958920857222048006e+00
-1.364768574942252510e-01 1.751365621867062017e-01 -8.490400340862056083e+00
-1.273815780618744453e-01 8.094045651027090837e-01 -8.008505536304125982e+00
-1.336246623463238914e-01 5.364692850315957995e-02 -8.191423211948263727e+00
-1.295464764399705537e-01 7.942712148772256286e-01 -7.991535846256414111e+00
-1.383225226609171021e-01 7.578818696241192143e-02 -8.304490262031306358e+00
-1.331525651405082444e-01 7.146878645584376910e-01 -7.934108438591609413e+00
-1.433818803150134213e-01 1.234634704644927000e-01 -8.411261004254743767e+00
-1.149084519551904493e-01 -2.112464331355504155e-01 -6.623352123194792718e+00
-1.461587701018331464e-01 1.844947185801313339e-01 -8.524905011007014366e+00
-1.390346082801822147e-01 3.615990620217115342e-02 -7.969604931444897566e+00
-1.506685011825740217e-01 1.813578592852560512e-01 -8.504369143109220985e+00
-1.484786298502534796e-01 4.442227266408090014e-02 -7.977416267422777096e+00
-1.512598572140165243e-01 8.428043125624631315e-01 -8.018997160244090594e+00
-1.628454694635599054e-01 2.805009740364470816e-01 -8.483128543351632800e+00
-1.634885507374543578e-01 2.336757379458221096e-01 -8.505568997038052359e+00
-1.517141518342444706e-01 7.549139234023798384e-01 -7.937133565793114798e+00
-1.579722832855620929e-01 8.988462856162242609e-01 -8.161335148480775459e+00
-1.583369289220948328e-01 7.190110330844868836e-01 -7.915959359963300024e+00
-1.619783261284902243e-01 8.399308520848282056e-01 -8.005838849994308504e+00
-1.614551080695094121e-01 7.870066485235294174e-01 -7.961993478780836853e+00
-1.637192553651695415e-01 7.999262525675104873e-01 -8.002999922775616781e+00
-1.677120970992984905e-01 7.265867382733122160e-01 -7.908519946916476862e+00
-1.677120970992984905e-01 7.265867382733122160e-01 -7.908519946916476862e+00
-1.457771095766340619e-01 -2.070865810558115416e-01 -6.606069896878085324e+00
-1.732243685367755026e-01 7.673105491515408438e-01 -7.938027898041380759e+00
-1.786292933978350372e-01 8.263071028258636153e-01 -8.026900582304959286e+00
-1.769807262649473467e-01 7.687502720051851979e-01 -7.935993164931111288e+00
-1.819083960391433830e-01 7.919488919497186252e-01 -7.987484330910334052e+00
-1.914834621617858834e-01 8.116588964014372076e-02 -8.042283806765686549e+00
-1.894544235404904131e-01 8.217161566345018153e-01 -8.023597541489651874e+00
-1.894544235404904131e-01 8.217161566345018153e-01 -8.023597541489651874e+00
-1.566353353109910806e-01 -2.340251372243885852e-01 -6.480674673302645239e+00
-1.904555975706241355e-01 8.372332093320060675e-01 -8.059491810348834662e+00
-2.005235282426801324e-01 1.200923837128592686e-01 -8.317200362733059293e+00
-1.612540773485992007e-01 -2.231284796753764954e-01 -6.520536200823834783e+00
-2.052421293971221639e-01 1.811152266029208147e-01 -8.404888369749542676e+00
-1.986955278623002696e-01 7.570508372142336073e-01 -7.953957713936155471e+00
-2.028878091775360437e-01 7.455377878083143672e-01 -7.930621608810973555e+00
-2.086612940073259981e-01 1.976291194875172061e-02 -8.016415715682306598e+00
-2.086612940073259981e-01 1.976291194875172061e-02 -8.016415715682306598e+00
-2.056283888786174519e-01 7.725561545409203035e-01 -7.953020316963041125e+00
-2.077587248621286520e-01 7.431257562787886295e-01 -7.932606673557065946e+00
-2.106968640795393588e-01 8.306933961121217846e-01 -8.043206499194537784e+00
-2.164895334465392618e-01 7.719600319909405983e-02 -7.992822652675755535e+00
-2.142018814524575265e-01 7.855687839923926052e-01 -7.973951005855041352e+00
-2.206352029804612425e-01 8.287073982270108663e-02 -7.989826278404865256e+00
-2.203464437172869828e-01 7.896714685479224727e-01 -7.971079164308979337e+00
-1.842047958575795952e-01 -2.281799244644162616e-01 -6.457486159377428869e+00
-1.891277596066143762e-01 -2.152139392276365693e-01 -6.518281292442625663e+00
-2.302422424641426268e-01 7.124676740354275728e-02 -7.998270829102866131e+00
-2.304770829635039431e-01 7.893818902522081737e-02 -7.981691361455760969e+00
-2.098802090712377222e-01 -3.082588065710871739e-01 -7.155254869963314945e+00
-2.310306445592135161e-01 7.552911970875221259e-01 -7.985428359689550781e+00
-1.936296768572531302e-01 -2.451593088479873950e-01 -6.391474812573636477e+00
-2.432407600979319684e-01 8.986458862066686037e-02 -7.983912422820424126e+00
-2.457089841552014819e-01 8.261803661491019524e-01 -8.083067638094858509e+00
-2.462307781005555196e-01 5.638959778348576202e-02 -7.975053936273692301e+00
-2.457083430562046200e-01 7.842285333828828975e-01 -8.016130582244272773e+00
-2.581783004648566804e-01 2.635236916409002261e-01 -8.358076483600799023e+00
-2.485350779144230027e-01 7.642210567799688770e-01 -8.024115272512705843e+00
-2.642311563435080224e-01 1.460103929070188655e-01 -8.108398477684923833e+00
-2.663117247822772149e-01 1.311265945397732668e-01 -8.041098093800925994e+00
-2.686007227149147525e-01 1.181308039496828943e-01 -8.040403957712653593e+00
-2.692419547890164133e-01 6.852303288208065613e-02 -7.968715557166748731e+00
-3.409407257792002599e-01 -4.702651632835845863e-01 -9.924635657833526636e+00
-2.211690782170731007e-01 -2.339633792783877009e-01 -6.443438457140338471e+00
-2.762797718405771152e-01 6.736323786546109804e-02 -7.969731871495262965e+00
-2.859538504194901187e-01 2.092650228030552562e-01 -8.173844383002043301e+00
-2.900736332377659155e-01 4.461112642941959527e-01 -8.281956501881071020e+00
-2.826297468998382190e-01 1.169777562787777947e-01 -8.021892191317558485e+00
-2.891495181279246651e-01 1.851631357882792539e-01 -8.083260014423286677e+00
-2.949578285800424360e-01 1.241986795765685908e-01 -8.024262261823020381e+00
-3.242060959285909538e-01 3.009109279085995237e-01 -8.312100476932597459e+00
-5.120060370831233110e-01 -4.120786970363217172e-01 -1.246463118086821531e+01
-3.387785443460031298e-01 5.528446167366715125e-01 -8.260002245385068775e+00
-3.447407201642094243e-01 5.828287528480771140e-01 -8.314219678499386035e+00
-3.552849826013274037e-01 7.103727098560311815e-01 -8.461091849375938168e+00
-3.588729749336139196e-01 7.198783472437155773e-01 -8.469131003750854703e+00
-3.448070993056788769e-01 2.849086178306902695e-01 -8.107961400282283293e+00
-3.657485875799530439e-01 7.348236413875540718e-01 -8.487132623664722431e+00
-3.550527983634151341e-01 2.516473715914160358e-01 -8.164965055808954375e+00
-3.631819015969338094e-01 3.770489640417056254e-01 -8.176886696230301510e+00
-3.688439790316322964e-01 5.758302589684012596e-02 -8.123654888974870758e+00
-3.868179344858770352e-01 6.849414171647965066e-01 -8.454316449069201767e+00
-3.878955762911711624e-01 7.160044870675650319e-01 -8.451063018456050457e+00
-3.855785889788466148e-01 6.412146025431703089e-01 -8.388951437772551145e+00
-5.540900571620678283e-01 -5.543936957042316926e-01 -1.187651829420128102e+01
-3.812514823349171800e-01 2.973885084739453788e-01 -8.089501940061671448e+00
-4.034020707481287826e-01 7.272939922869505747e-01 -8.468393691600104134e+00
-3.934734332259613998e-01 2.002968964170708521e-01 -8.080725859774984698e+00
-4.297553375577422563e-01 7.005161000337231103e-01 -8.454891085458614342e+00
-4.182817273550763493e-01 3.093772761679199415e-02 -8.168506650213963383e+00
-4.346135439919412979e-01 7.142272787668141332e-01 -8.448092119563284541e+00
-5.131534920548417311e-01 -3.429720258983399717e-01 -9.809839987763703917e+00
-6.894815513390240014e-01 -5.202407895417358041e-01 -1.313322468031418211e+01
-4.204024041601665540e-01 2.783605638484151212e-01 -8.091053310296745238e+00
-4.229340856594246967e-01 1.257319790538742321e-01 -8.083249256923849657e+00
-4.438921529169385649e-01 6.927856955016210572e-01 -8.446841166468354700e+00
-4.610092625242493969e-01 6.830201475512458487e-01 -8.467657579627827502e+00
-4.662935111356119600e-01 6.407397963067691382e-01 -8.486140718595457599e+00
-4.590620862034022753e-01 -5.385021030011102189e-02 -8.240998574748084948e+00
-4.614742838460164642e-01 -4.562583488787046171e-02 -8.202396436118911893e+00
-4.628931367142569697e-01 7.204582537326291447e-02 -8.190511181973670674e+00
-4.626775842505613245e-01 4.432094431766962078e-02 -8.170428512308438584e+00
-4.640696139222038608e-01 2.428389747716696578e-01 -8.134404430217154314e+00
-4.642956472346054242e-01 2.135852998160224156e-02 -8.108224499931260709e+00
-4.679711166280766110e-01 -1.769723313001356560e-02 -8.153837300679960265e+00
-4.691426322495069190e-01 2.052904071309647784e-03 -8.121490447770822740e+00
-1.152045182163630610e+00 -6.131069651067001525e-01 -1.949431406456087501e+01
-1.233256458345625584e+00 -6.066786216860239334e-01 -1.964655247546924954e+01
-7.592188591528591379e-01 -4.611165560084556359e-01 -1.133888011008535734e+01
-7.869723995440126352e+00 -3.460588158902195399e+00 -9.765068742599954987e+01
-1.116002529874352778e+00 -4.371808753114572177e-01 -1.353980107086503359e+01
-1.116002529874352778e+00 -4.371808753114572177e-01 -1.353980107086503359e+01
-1.209770183893603024e+00 -7.116394010858358987e-01 -1.438790536132660947e+01
-7.905754819476678463e+00 -4.121710111147467437e+00 -8.879387908837099985e+01
-8.295151401715079587e-01 -1.314577065157430391e-01 -8.956513239547689409e+00
